7523 163016
7456 719877
7457 094613
7700 004834
7700 143514
7457 224989
7911 808099
7700 040738
7457 133081
7457 791033
7700 191110
7528 843961
7457 076910
7116 288524
7700 011020
7700 014372
7700 078812
7425 570217
7369 426307
7911 886227
7457 129464
7820 549027
7911 261802
7911 845916
7457 412978
7911 295191
7457 440744
7700 028643
7158 762225
7970 177415
7279 788572
7911 287825
7911 820591
7457 941855
7457 934130
7455 565710
7521 171935
7700 174034
7700 007910
7500 191058
7408 395558
7456 312096
7911 872939
7186 385728
7844 362449
7450 779193
7506 161963
7700 152042
7700 061592
7328 356047
7520 794485
7911 873695
7472 389530
7457 747603
7457 876393
7525 364553
7520 480556
7458 291846
7911 838123
7700 044387
7457 522631
7787 790175
7463 166917
7457 278539
7334 396083
7700 037509
7190 544202
7700 064095
7225 691768
7286 302399
7458 906556
7700 025618
7115 625359
7413 769923
7911 227254
7455 310691
7911 017168
7457 144048
7457 439655
7457 724208
7404 823063
7434 800572
7701 833388
7700 078418
7457 910955
7278 584942
7700 034055
7700 024410
7457 724461
7911 870362
7457 298982
7508 580329
7430 584904
7700 166504
7911 099432
7457 431065
7911 042220
7700 150424
7911 063896
7501 516741
7718 128646
7911 071546
7911 847832
7453 986065
7457 013346
7911 060991
7911 857097
7911 261028
7911 259915
7700 028354
7414 181882
7214 129882
7700 015801
7427 589183
7139 592256
7457 155883
7700 115474
7912 251552
7440 286116
7911 873904
7336 493642
7526 791046
7457 378936
7422 448963
7310 401792
7180 774997
7455 962666
7457 915992
7457 338501
7911 832203
7452 675534
7501 209874
7454 834827
7700 030642
7295 951665
7457 809031
7457 351587
7451 281299
7455 456269
7197 041745
7152 831090
7339 252023
7911 074995
7450 945866
7911 228964
7453 143844
7589 021067
7457 725847
7258 833956
7700 164862
7459 026974
7701 152959
7220 152129
7911 044811
7458 263893
7911 021119
7457 508481
7290 477783
7307 268949
7466 144896
7457 310587
7911 894477
7700 188793
7911 239210
7911 231248
7700 065243
7322 965778
7177 998323
7562 553378
7911 227716
7523 043830
7456 537020
7506 098413
7911 888977
7700 039926
7457 738479
7341 877344
7456 853898
7277 033273
7457 414446
7528 564933
7490 534445
7457 178332
7700 199075
7453 937272
7457 953483
7911 007114
7834 324443
7911 263038
7911 080843
7457 308002
7200 122048
7700 091991
7700 197455
7700 187354
7454 371787
7261 053219
7201 245031
7277 034058
7911 820650
7792 428568
7911 278542
7272 414890
7179 171044
7911 284888
7705 484308
7164 908483
7238 284360
7457 360781
7457 302324
7144 719744
7911 833862
7911 816751
7700 158561
7700 019908
7821 840065
7216 457700
7786 410693
7250 727494
7911 284738
7700 058562
7457 926948
7457 002832
7457 771782
7387 306067
7457 079735
7911 227312
7457 036375
7454 553784
7492 355077
7243 450591
7392 078797
7457 029445
7195 470156
7911 090625
7325 417676
7700 121117
7911 026078
7241 189762
7700 122644
7911 223467
7149 442424
7700 107794
7408 548402
7457 584190
7700 130755
7506 475668
7208 618187
7700 051327
7526 121716
7557 580405
7700 123007
7450 484356
7571 581712
7977 957433
7457 960359
7911 835846
7457 815909
7700 064421
7700 105808
7700 067302
7911 883566
7254 619156
7911 890412
7457 796042
7342 675338
7751 477148
7457 940078
7911 009534
7911 246210
7457 821457
7344 522742
7457 284568
7911 273870
7500 731716
7825 258315
7700 101152
7457 793887
7451 720525
7186 303801
7427 278207
7361 830702
7989 268644
7452 583636
7911 238671
7911 288991
7268 327444
7457 856678
7911 833160
7727 829831
7244 335190
7244 386121
7457 477054
7160 650472
7911 843150
7870 550263
7700 125571
7700 104735
7700 037193
7700 076596
7457 843303
7911 288433
7533 690134
7457 975030
7789 273708
7911 076808
7253 278106
7386 779177
7457 526359
7457 983936
7700 086178
7700 198551
7911 004987
7457 849272
7133 600997
7911 232196
7459 888463
7367 096059
7913 428758
7911 015142
7512 846790
7700 024933
7911 818394
7457 725964
7700 032858
7700 158219
7577 937107
7911 097586
7395 288133
7931 956873
7219 419818
7310 884963
7213 883543
7700 008846
7457 009829
7706 637234
7459 143678
7911 837532
7505 600224
7457 872331
7522 587639
7911 876823
7911 885998
7175 916355
7452 592405
7453 582162
7911 863110
7457 407927
7359 031361
7457 343591
7457 756853
7700 053204
7457 028575
7836 408324
7457 956445
7700 152615
7700 068863
7700 086170
7700 106213
7457 081173
7457 304687
7456 376699
7879 354293
7453 441937
7162 214431
7470 551363
7520 310586
7700 045230
7450 525717
7163 488456
7700 064605
7700 053523
7911 215447
7700 170134
7935 825303
7821 328906
7700 160425
7911 239768
7457 258431
7796 931804
7530 414913
7911 031271
7457 718689
7457 202252
7700 034517
7458 619188
7457 224888
7452 673524
7911 085220
7911 039335
7457 309611
7911 207226
7451 987872
7504 737429
7700 020644
7700 198516
7700 018948
7824 209595
7457 172392
7911 818461
7457 289011
7451 793033
7911 048111
7457 825595
7700 136386
7195 300631
7457 892511
7385 438553
7700 091727
7700 017581
7452 102322
7336 643881
7199 108967
7911 029070
7457 264885
7911 896985
7318 939219
7827 844697
7306 551073
7318 822585
7911 256408
7911 263358
7455 717290
7896 391716
7303 758703
7451 096419
7139 126886
7795 948910
7700 014319
7700 128883
7706 581744
7700 135620
7700 167017
7457 437813
7506 900139
7495 856667
7139 367136
7127 229498
7700 038380
7225 692315
7911 884382
7454 219463
7700 134355
7457 103434
7457 576786
7700 019242
7700 042857
7457 246148
7250 456686
7457 770118
7911 888972
7458 185068
7911 085446
7472 483029
7291 843454
7911 807878
7911 034753
7911 023587
7911 230048
7198 570588
7119 290871
7455 252406
7700 191609
7457 805345
7457 173297
7454 383905
7302 603585
7700 067357
7911 867568
7911 804318
7237 421575
7360 072620
7911 870121
7988 284531
7475 309674
7700 068312
7840 896575
7206 753157
7504 710919
7173 173229
7911 811536
7451 854868
7457 505124
7242 389388
7457 969895
7458 814908
7457 779943
7521 266432
7457 020701
7457 409591
7457 822909
7911 889219
7529 449273
7458 121047
7700 138339
7911 835750
7488 866314
7445 225167
7457 229977
7337 387327
7408 456676
7222 084801
7347 323857
7802 247217
7700 059365
7700 168042
7700 104822
7700 155476
7482 978354
7455 416905
7241 688767
7461 035897
7700 090809
7133 707555
7257 487616
7700 044944
7700 092337
7911 871652
7523 931098
7548 831322
7454 269156
7700 156199
7453 484383
7911 238959
7911 816983
7910 148982
7457 402040
7911 208329
7700 120451
7185 027848
7700 182031
7457 433752
7457 023719
7451 868707
7700 170351
7457 772413
7836 382014
7457 767911
7911 864845
7459 643270
7558 337812
7477 791782
7138 896248
7120 629610
7930 440490
7833 740008
7911 072326
7700 045944
7700 079278
7457 148060
7408 492029
7150 566934
7556 512346
7457 072421
7911 855234
7700 007192
7311 278093
7457 920711
7457 584858
7700 140099
7399 121414
7700 123132
7196 852788
7204 833869
7243 745977
7232 573435
7336 188402
7944 296883
7911 235081
7284 246837
7521 047986
7476 693644
7571 885301
7911 005976
7457 828714
7228 959338
7117 759894
7911 821191
7457 513787
7453 819522
7452 558064
7911 230711
7700 196763
7466 774188
7457 313493
7911 049558
7520 628091
7911 290523
7454 701813
7457 993250
7106 397116
7823 071069
7911 289714
7443 374871
7455 470973
7911 007145
7274 915775
7193 398410
7700 168067
7911 099443
7290 118807
7457 271338
7235 626783
7700 136732
7911 028134
7345 999182
7418 459195
7155 661627
7549 127805
7700 126807
7457 008042
7526 727362
7457 769388
7417 978320
7935 363682
7453 987565
7137 260580
7597 786557
7506 229955
7495 846421
7457 930476
7700 167181
7700 143880
7451 750849
7700 154137
7911 244748
7192 217938
7451 289060
7700 108536
7230 158326
7506 520238
7122 502742
7457 521608
7700 145461
7508 722667
7452 378342
7348 496021
7564 094151
7458 765889
7457 516695
7911 279821
7471 422234
7911 000352
7700 130140
7454 470875
7911 056164
7457 752199
7428 252760
7899 947162
7452 966207
7457 088592
7917 453647
7457 257658
7525 193728
7911 297982
7145 991415
7214 811899
7700 140257
7911 019150
7249 086888
7700 177778
7553 336994
7700 022263
7450 382772
7832 482233
7154 265391
7521 469942
7505 996660
7457 183279
7700 094711
7911 244379
7370 073949
7911 023631
7458 175511
7297 659464
7700 187793
7911 036828
7457 707541
7700 150041
7443 304954
7911 818999
7346 293763
7457 082822
7445 187594
7489 846451
7911 808772
7911 289790
7911 295058
7398 366963
7700 004242
7507 805242
7772 241560
7457 130064
7377 153076
7911 207991
7529 698662
7911 862887
7301 535024
7484 329744
7347 249468
7700 059425
7451 978073
7459 415816
7911 859318
7527 271697
7457 099130
7455 294853
7451 672389
7704 792824
7700 158431
7457 943382
7700 034289
7911 038829
7131 874212
7457 228174
7276 531315
7456 962520
7700 123670
7457 381441
7700 038078
7260 654513
7457 246464
7457 861424
7700 034004
7753 103539
7700 046751
7700 150021
7911 246541
7333 468756
7700 123230
7700 128081
7700 071527
7459 986491
7451 225049
7911 846784
7455 959227
7700 043989
7457 355881
7700 191578
7761 175482
7457 188302
7700 160400
7700 186652
7700 142646
7347 532384
7358 062397
7503 227750
7573 124967
7503 722134
7911 264733
7798 471049
7911 064318
7457 399820
7456 961677
7165 955721
7519 508583
7911 868574
7457 448442
7457 195539
7229 075091
7500 896097
7319 543787
7329 855294
7700 169222
7454 872679
7700 050902
7700 010048
7564 033743
7700 164450
7911 893857
7366 898188
7911 868895
7456 166819
7457 427198
7457 768159
7911 888975
7700 161256
7233 289449
7457 093916
7286 289177
7961 861123
7911 235014
7700 053093
7740 126012
7911 823225
7457 272493
7448 529705
7700 000755
7135 862019
7798 965352
7911 257086
7457 078983
7911 291136
7347 643589
7931 960215
7118 139976
7700 099967
7286 269190
7279 785826
7700 021493
7910 508282
7180 826775
7911 211844
7403 329039
7457 926071
7128 863900
7911 297323
7822 561764
7700 089536
7457 316101
7523 145466
7822 028299
7707 696357
7398 668339
7301 544224
7700 042222
7521 095329
7456 360165
7188 300791
7450 742687
7700 142515
7700 121913
7329 721035
7700 108895
7911 862948
7911 209863
7700 015045
7457 902063
7700 147951
7911 062204
7700 029445
7911 818603
7962 104053
7911 007242
7457 342703
7911 046982
7551 360937
7892 097798
7296 046836
7379 721372
7457 343462
7911 859545
7911 214116
7700 039432
7457 467184
7700 131750
7700 192914
7182 577736
7700 173327
7457 477248
7457 424961
7457 098828
7932 828974
7700 155679
7911 831967
7700 027758
7502 507863
7229 307143
7700 094838
7707 361366
7911 244217
7457 299004
7332 691874
7820 757800
7911 873528
7452 705387
7700 061624
7111 877813
7913 195820
7142 608629
7319 511125
7487 037849
7700 136350
7457 273374
7911 241719
7911 234454
7700 088230
7911 888851
7457 084307
7454 145853
7172 661376
7700 039192
7700 027908
7504 033564
7911 036393
7733 913735
7457 288788
7529 301756
7457 393428
7911 038879
7700 048153
7595 132679
7457 493402
7809 115515
7700 141367
7375 487732
7700 088898
7798 902197
7459 031928
7397 298559
7700 158179
7124 532589
7911 019477
7457 799972
7911 879399
7911 002482
7475 170456
7700 130970
7254 424452
7911 285777
7451 247564
7911 841620
7450 857260
7843 982414
7453 034669
7457 135397
7129 924245
7700 166929
7112 234876
7700 023314
7529 830981
7911 031445
7555 599243
7700 072919
7453 165190
7911 897434
7506 166243
7581 369869
7700 183414
7911 067981
7346 831420
7911 898029
7911 056402
7387 285473
7528 241300
7312 470761
7457 513451
7458 837753
7443 244537
7221 947531
7911 884011
7700 137709
7450 666595
7911 066640
7457 157112
7457 020032
7700 128236
7457 706768
7122 547084
7456 257912
7300 534481
7351 236911
7911 866090
7833 548011
7911 246039
7822 743482
7169 876647
7160 173440
7911 016369
7312 210867
7700 086234
7911 861657
7457 852592
7543 083813
7911 069367
7700 139401
7532 830994
7700 172059
7456 828716
7700 021599
7911 050399
7700 060457
7700 105847
7457 428401
7202 006750
7700 121739
7457 738063
7471 220309
7238 476084
7450 150237
7226 297032
7362 250692
7527 847700
7911 807881
7504 005028
7455 594548
7700 067387
7700 110824
7154 922345
7522 809951
7700 108122
7277 350373
7700 085930
7127 738133
7452 848310
7795 694710
7414 881182
7425 063763
7700 140634
7145 766640